%无人机吊舱阵列参数
xcfg(1,1)  =-29.2915;
xcfg(2,1)  =-34.635 ;
xcfg(3,1)  =-47.3867;
xcfg(4,1)  =-45.6387;
xcfg(5,1)  =-50.0071;
xcfg(6,1)  =-47.8919;
xcfg(7,1)  =-37.4979;
xcfg(8,1)  =-26.7767;
xcfg(9,1)  =-15.0341;
xcfg(10,1) =-26.3748;
xcfg(11,1) =-32.0853;
xcfg(12,1) =-42.0263;
xcfg(13,1) =-40.375 ;
xcfg(14,1) =-33.4478;
xcfg(15,1) =-36.1414;
xcfg(16,1) =-23.5479;
xcfg(17,1) =-19.3227;
xcfg(18,1) =-23.0847;
xcfg(19,1) =-25.7077;
xcfg(20,1) =-31.7603;
xcfg(21,1) =-20.85  ;
xcfg(22,1) =-15.597 ;
xcfg(23,1) =-4.8956 ;
xcfg(24,1) =0.5524  ;
xcfg(25,1) =9.4392  ;
xcfg(26,1) =2.3937  ;
xcfg(27,1) =-6.4074 ;
xcfg(28,1) =-18.9648;
xcfg(29,1) =-14.4131;
xcfg(30,1) =-11.6963;
xcfg(31,1) =-10.4129;
xcfg(32,1) =-4.0361 ;
xcfg(33,1) =-11.3867;
xcfg(34,1) =0.553   ;
xcfg(35,1) =6.2378  ;
xcfg(36,1) =-1.7575 ;
xcfg(37,1) =-6.9633 ;
xcfg(38,1) =5.1762  ;
xcfg(39,1) =15.2654 ;
xcfg(40,1) =14.8128 ;
xcfg(41,1) =18.3036 ;
xcfg(42,1) =25.0436 ;
xcfg(43,1) =29.4267 ;
xcfg(44,1) =26.4787 ;
xcfg(45,1) =18.717  ;
xcfg(46,1) =11.8212 ;
xcfg(47,1) =18.8308 ;
xcfg(48,1) =16.9132 ;
xcfg(49,1) =5.5801  ;
xcfg(50,1) =8.7463  ;
xcfg(51,1) =19.2768 ;
xcfg(52,1) =30.7713 ;
xcfg(53,1) =30.5951 ;
xcfg(54,1) =27.3265 ;
xcfg(55,1) =35.3803 ;
xcfg(56,1) =39.324  ;
xcfg(57,1) =39.3758 ;
xcfg(58,1) =49.9783 ;
xcfg(59,1) =46.4582 ;
xcfg(60,1) =39.8585 ;
xcfg(61,1) =47.7018 ;
xcfg(62,1) =38.4909 ;
xcfg(63,1) =30.7771 ;
xcfg(64,1) =17.268  ;
    
ycfg(1,1) =44.9404 ;
ycfg(2,1) =34.004  ;
ycfg(3,1) =21.8553 ;
ycfg(4,1) =10.112  ;
ycfg(5,1) =-6.2271 ;
ycfg(6,1) =-24.1531;
ycfg(7,1) =-30.2179;
ycfg(8,1) =-43.8377;
ycfg(9,1) =-42.9473;
ycfg(10,1)=-32.4542;
ycfg(11,1)=-19.4788;
ycfg(12,1)=-14.6676;
ycfg(13,1)=0.217   ;
ycfg(14,1)=12.011  ;
ycfg(15,1)=22.6773 ;
ycfg(16,1)=30.6072 ;
ycfg(17,1)=40.1629 ;
ycfg(18,1)=18.7575 ;
ycfg(19,1)=3.3268  ;
ycfg(20,1)=-6.6247 ;
ycfg(21,1)=-19.4962;
ycfg(22,1)=-30.3746;
ycfg(23,1)=-38.3533;
ycfg(24,1)=-48.7546;
ycfg(25,1)=-41.4402;
ycfg(26,1)=-30.024 ;
ycfg(27,1)=-19.2529;
ycfg(28,1)=-8.3133 ;
ycfg(29,1)=6.94    ;
ycfg(30,1)=18.8767 ;
ycfg(31,1)=31.0514 ;
ycfg(32,1)=39.9771 ;
ycfg(33,1)=48.7451 ;
ycfg(34,1)=26.372  ;
ycfg(35,1)=16.4635 ;
ycfg(36,1)=10.043  ;
ycfg(37,1)=-9.2557 ;
ycfg(38,1)=-16.259 ;
ycfg(39,1)=-20.3861;
ycfg(40,1)=-31.8534;
ycfg(41,1)=-48.3357;
ycfg(42,1)=-38.5183;
ycfg(43,1)=-29.0757;
ycfg(44,1)=-16.7584;
ycfg(45,1)=-6.9126 ;
ycfg(46,1)=2.8856  ;
ycfg(47,1)=13.1371 ;
ycfg(48,1)=24.5256 ;
ycfg(49,1)=45.926  ;
ycfg(50,1)=34.2304 ;
ycfg(51,1)=37.5459 ;
ycfg(52,1)=25.5041 ;
ycfg(53,1)=12.2641 ;
ycfg(54,1)=0.476   ;
ycfg(55,1)=-7.261  ;
ycfg(56,1)=-17.6022;
ycfg(57,1)=-29.272 ;
ycfg(58,1)=-14.4981;
ycfg(59,1)=-2.9243 ;
ycfg(60,1)=6.3479  ;
ycfg(61,1)=14.5316 ;
ycfg(62,1)=21.8878 ;
ycfg(63,1)=36.7975 ;
ycfg(64,1)=48.5542 ;

xcfg = xcfg./1000;
ycfg = ycfg./1000;
